pathStdBet\20000053\780\12\[56, 7, 26, 67, 5]\false
pathStdBet\20000050\1590\1\[5, 53, 64, 16]\false
pathStdBet\20000050\3000\31\[76, 7, 43]\false
pathStdBet\20000051\8120\17\[71, 30, 54, 4, 49, 5, 36, 6, 11, 63, 15, 72, 42, 77, 28]\false
pathStdBet\20000050\5400\43\[49, 44, 4, 28, 65, 60]\false
pathStdBet\20000050\2200\37\[45, 16, 59, 33]\false
pathStdBet\20000051\3600\49\[20, 50, 45, 36, 37, 59]\false
pathStdBet\20000050\9120\47\[16, 78, 57, 79, 21]\false
pathStdBet\20000052\3000\24\[43, 29, 45, 17, 62]\false
pathStdBet\20000051\640\31\[6, 35, 69]\false
